goal_orientation:
  w: 0.9999400332258127
  z: 0.010951253460700468
goal_position:
  x: 1.4283049101414615
  y: 0.49820050385434095
