goal_orientation:
  w: 0.7149326398125609
  z: -0.6991933355879781
goal_position:
  x: 2.7639988690324193
  y: 0.2541048141922038
